353
1 13.000000 7.000000
13 14.000000 6.000000
95 7.000000 13.000000
39 0.000000 20.000000
78 10.000000 10.000000
68 3.000000 17.000000
32 6.000000 14.000000
10 19.000000 1.000000
0 18.000000 2.000000
45 17.000000 3.000000
92 4.000000 16.000000
29 5.000000 15.000000
85 8.000000 12.000000
79 15.000000 5.000000
12 16.000000 4.000000
33 1.000000 19.000000
77 9.000000 11.000000
52 12.000000 8.000000
80 11.000000 9.000000
31 2.000000 18.000000
350	835	755
801	491	25
373	308	204
917	701	1
865	767	727
251	134	85
504	321	87
895	654	396
286	140	637
649	370	756
600	377	720
291	806	276
298	145	819
438	348	67
573	871	23
105	52	472
557	723	496
159	757	494
301	602	619
201	319	324
463	497	851
347	3	131
171	201	874
63	430	464
289	977	770
114	202	303
15	914	678
974	330	892
923	392	772
395	414	277
13	195	601
842	160	86
542	842	175
227	237	236
743	809	543
192	282	587
256	729	410
677	302	813
480	631	529
397	952	556
305	285	823
877	634	633
860	722	47
709	957	261
571	990	608
446	9	858
993	796	451
748	342	955
464	865	784
422	241	476
662	354	737
679	117	325
148	499	697
770	255	203
174	878	387
816	964	612
945	826	776
790	129	511
30	60	264
501	22	177
307	153	838
172	761	537
861	842	110
543	487	109
536	49	574
821	621	64
480	317	986
6	514	621
3	117	212
701	713	796
719	521	340
426	479	501
967	258	231
341	725	680
372	703	178
775	966	433
838	664	169
336	350	753
187	944	575
731	835	848
138	732	694
385	387	571
824	380	932
763	219	713
918	587	280
865	661	695
115	868	547
944	739	909
237	499	40
959	5	597
594	352	643
77	247	911
804	807	499
28	757	190
85	833	800
782	562	30
579	24	809
981	203	311
732	993	612
651	786	273
849	901	883
633	524	832
983	553	44
248	449	989
374	569	713
81	307	723
202	252	432
440	254	5
326	715	677
892	704	874
337	579	394
670	390	31
870	44	668
798	937	683
45	671	388
721	153	442
724	276	272
368	211	851
132	979	198
461	830	972
41	71	112
910	821	366
151	571	870
514	429	347
540	725	3
832	651	894
921	652	840
881	816	931
503	216	568
769	776	776
839	122	908
403	783	911
231	880	988
47	163	904
538	118	275
302	817	165
628	893	877
57	273	962
263	521	178
609	724	805
763	562	970
300	70	287
304	193	51
756	179	358
204	290	719
357	823	178
549	685	617
656	66	305
858	361	921
720	55	504
812	5	941
96	197	698
188	998	692
973	649	569
524	916	984
494	477	526
568	363	400
706	846	339
622	696	130
610	887	231
835	249	415
506	571	985
686	993	552
275	655	176
417	780	583
949	985	489
198	356	254
96	601	890
83	153	103
192	585	754
916	726	286
926	403	907
218	931	739
613	501	160
668	773	55
813	564	325
227	588	426
443	595	758
542	297	87
359	815	206
839	19	587
205	206	752
58	650	808
273	493	987
636	429	961
854	568	838
261	665	175
706	753	752
188	106	630
940	572	122
794	707	371
304	975	939
770	124	887
72	313	552
612	67	88
847	606	347
478	785	97
769	92	960
880	325	287
754	281	547
758	270	494
800	597	318
854	257	815
961	102	533
532	596	630
380	163	492
327	624	616
438	377	324
156	780	30
79	906	435
899	837	294
787	217	649
317	587	786
973	589	97
819	893	635
524	590	832
236	21	434
794	885	453
133	643	132
186	77	74
655	472	279
219	517	882
335	660	299
865	77	398
527	277	812
352	103	384
628	183	36
551	933	795
336	540	674
826	334	922
141	298	14
968	655	5
239	28	52
887	81	980
979	649	769
926	916	254
875	839	660
224	919	534
544	934	529
961	350	874
188	73	163
902	263	426
625	553	982
404	536	678
738	390	596
386	672	341
360	861	440
1000	492	599
526	869	974
352	174	568
329	711	691
624	585	134
308	379	166
725	492	270
701	210	715
86	381	553
677	729	634
776	39	447
575	316	685
24	128	741
238	924	257
425	356	627
103	947	229
723	154	29
982	206	99
180	399	786
577	714	423
98	842	978
545	326	350
317	542	454
686	616	483
947	190	996
277	312	445
749	874	761
463	410	83
612	69	595
574	928	564
124	793	550
175	864	895
733	176	940
188	301	792
139	578	651
969	855	50
175	49	500
803	114	253
653	476	421
738	183	118
864	96	830
217	658	539
96	299	620
469	673	521
715	222	565
662	208	42
623	90	506
379	418	479
814	509	490
267	703	870
279	505	363
109	929	617
588	166	859
623	943	988
128	452	376
259	432	644
583	850	364
3	637	33
994	320	35
773	357	145
188	668	837
31	894	161
618	31	490
842	33	105
667	760	455
273	748	451
457	945	238
121	395	494
397	645	816
545	112	328
612	696	802
359	132	841
233	549	955
981	948	22
32	259	921
93	996	324
706	129	216
145	269	589
811	886	698
143	588	504
391	205	971
223	56	466
887	186	441
486	630	520
688	969	675
999	147	108
